50WQ7-15-1.1|2|1.1|3|29|18.5|25|2900
50WQ15-15-1.5|2|1.5|4.2|32|19.5|25|2900
50WQ9-22-2.2|2|2.2|6.4|29|25.2|25|2900
50WQ15-25-3|2|3|7.2|40|30.5|25|2900
50WQ15-38-4|2|4|9.3|60|51.5|25|2900
50WQ20-35-5.5|2|5.5|14|68|42|25|2900
50WQ20-48-7.5|2|7.5|15.3|40|49|25|2900
50WQ20-60-11|2|11|25|35|63|25|2900
80WQ30-30-15|2|15|31|40|70.5|25|2900
50WQ15-40-15|2|15|31|40|68.5|25|2900
50WQ20-80-18.5|2|18.5|37.2|41|87|25|2900
50WQ20-80-22|2|22|43.2|43|101|25|2900
65WQ15-8-1.1|2.5|1.1|3|20|19.5|25|2900
65WQ25-7-1.5|2.5|1.5|4.2|35|17.5|25|2900
65WQ25-15-2.2|2.5|2.2|5.4|55|21.5|30|2900
65WQ25-18-3|2.5|3|7.2|50|27|25|2900
65WQ25-25-4|2.5|4|9.8|45|30.5|25|2900
65WQ30-30-5.5|2.5|5.5|14|60|38.5|27|2900
65WQ30-35-7.5|2.5|7.5|15.3|64|43.5|30|2900
65WQ30-40-11|2.5|11|22|80|50.5|25|2900
65WQ30-50-15|2.5|15|31|84|60|27|2900
65WQ30-55-18.5|2.5|18.5|37.2|85|65|20|2900
65WQ30-60-22|2.5|22|43|90|70|25|2900
65WQ30-15-2.2|2.5|2.2|4.9|45|19.5|25|2900
65WQ30-75-22|2.5|22|41.2|25|13.5|75|2900
80WQ40-15-2.2|3|2.2|5.4|60|15|25|2900
80WQ40-13-3|3|3|7.2|65|20|35|2900
80WQ40-18-4|3|4|9.6|75|22.5|35|2900
80WQ40-20-5.5|3|5.5|14|80|27.5|35|2900
80WQ40-25-5.5|3|5.5|14|80|27.5|35|2900
80WQ40-28-5.5|3|5.5|12|82|28.5|40|2900
80WQ40-28-7.5|3|7.5|15.3|88|35|40|2900
80WQ50-30-11|3|11|25|94|42|32|2900
80WQ60-40-15|3|15|31|94|55|32|2900
80WQ60-45-18.5|3|18.5|37.2|122|62|30|2900
80WQ50-50-22|3|22|43.2|177|50|30|2900
80WQ50-13-5.5|3|5.5|11|120|13|30|1450
80WQ50-25-7.5|3|7.5|15.3|120|25|30|1450
100WQ100-10-5.5|4|5.5|11|120|10|35|1450
100WQ100-15-7.5|4|7.5|15.3|130|23|35|1450
100WQ100-20-11|4|11|25.7|150|30|35|1450
100WQ100-25-15|4|15|33|150|36|35|1450
100WQ100-33-18.5|4|18.5|41|180|43|35|1450
100WQ100-37-22|4|22|48|180|48|35|1450
100WQ100-87-45|4|45|87|270|60|35|1450
100WQ100-95-55|4|55|106|335|75.5|35|1450
100WQ100-100-110|4|110|212.3|350|105|35|1450
100WQ120-43-30|4|30|58.8|220|53|35|1450
100WQ120-30-37|4|37|72.8|270|58|35|1450
100WQ120-75-75|4|75|148|770|84|35|1450
100WQ120-85-90|4|90|173.5|770|94.5|35|1450
100WQ50-7-2.2|4|2.2|5.45|73|14.5|30|2900
100WQ50-10-3|4|3|7.2|60|18|30|2900
100WQ50-10-4|4|4|9.8|62|21.5|35|2900
100WQ50-18-5.5|4|5.5|14|68|28|30|2900
100WQ50-20-7.5|4|7.5|18.3|80|29.5|35|2900
100WQ80-25-11|4|11|25|151|38.5|45|2900
100WQ80-35-15|4|15|31|174|48.5|40|2900
100WQ80-40-18.5|4|18.5|37.2|174|55|35|2900
100WQ80-45-22|4|22|43.2|174|68.5|35|2900
100WQ100-7-5.5|4|5.5|11|122|12|35|2900
150WQ100-8-5.5|6|5.5|11|121|17|35|2900
150WQ100-10-7.5|6|7.5|15.3|134|23|35|2900
150WQ100-20-11|6|11|23|144|30.5|35|2900
150WQ100-30-15|6|15|31|149|41|35|2900
150WQ100-35-18.5|6|18.5|37.2|167|48|45|2900
150WQ100-40-22|6|22|43.2|187|53|25|2900
150WQ125-7-5.5|6|5.5|11|180|15|45|1450
150WQ140-9-7.5|6|7.5|15.3|240|18|45|1450
150WQ160-11-11|6|11|25.7|210|20|45|1450
150WQ180-20-18.5|6|18.5|41|330|27|50|1450
150WQ180-30-30|6|30|60.5|580|45|35|1450
150WQ180-50-110|6|110|212.1|970|60|45|1450
150WQ200-100-160|6|160|310.5|1500|110|45|1450
150WQ200-110-185|6|185|351.5|1700|120|45|1450
150WQ200-110-110|6|110|214.2|780|130|45|1450
150WQ200-15-15|6|15|33.6|280|24.5|45|1450
150WQ200-22-22|6|22|48.6|350|31|45|1450
150WQ200-30-37|6|37|77.5|370|41.5|40|1450
150WQ200-45-45|6|45|87|540|52|45|1450
150WQ200-40-45|6|45|86|470|55|35|1450
150WQ200-50-55|6|55|106|510|65.5|35|1450
150WQ200-60-75|6|75|144|570|71.5|40|1450
150WQ200-70-90|6|90|173.5|480|85|35|1450
150WQ200-90-132|6|132|253.3|580|100|45|1450
200WQ180-11-11|8|11|23|230|26.5|45|2900
200WQ180-15-15|8|15|31|252|28|45|2900
200WQ180-18-18.5|8|18.5|37.2|360|29|45|2900
200WQ200-20-22|8|22|43.2|370|31.5|45|2900
200WQ200-7-7.5|8|7.5|15.3|280|15|50|1450
200WQ250-11-15|8|15|33|350|21.5|50|1450
200WQ250-15-18.5|8|18.5|41|410|24|50|1450
200WQ250-18-22|8|22|48|570|30|50|1450
200WQ250-22-30|8|30|60.9|340|33|40|1450
200WQ300-32-45|8|45|87|443|43|50|1450
200WQ300-40-55|8|55|106|487|53|40|1450
200WQ300-55-110|8|110|212.1|510|70.5|40|1450
200WQ300-7-11|8|11|23.7|350|10.5|50|1450
200WQ350-25-37|8|37|72.8|480|36.5|50|1450
200WQ350-45-75|8|75|148|510|60.5|50|1450
200WQ400-60-90|8|90|173.5|480|70|40|1450
200WQ400-85-160|8|160|310.5|480|115|65|1450
200WQ400-90-185|8|185|339.2|710|106.5|45|1450
200WQ450-75-132|8|132|253.3|550|89|70|1450
250WQ400-6-11|10|11|25.7|580|14|55|1450
250WQ450-6-15|10|15|33|600|17.5|60|1450
250WQ500-12-30|10|30|60.5|680|26|55|1450
250WQ500-7-18.5|10|18.5|41|680|20|55|1450
250WQ500-9-22|10|22|48|720|24|50|1450
250WQ500-12-37|10|37|72.8|900|28|50|1450
250WQ500-15-45|10|45|87|1000|31.5|55|1450
250WQ500-20-55|10|55|106|1000|37|55|1450
250WQ500-25-75|10|75|146|700|41|50|1450
250WQ500-30-90|10|90|173.5|1080|46.5|50|1450
250WQ600-40-110|10|110|212.3|1100|52|45|1450
250WQ500-50-132|10|132|253.3|800|65|105|1450
250WQ600-60-160|10|160|310.8|810|73.5|55|1450
250WQ550-55-185|10|185|359.2|810|78|70|1450
300WQ1000-45-200|12|200|388.3|1250|70|55|1450
300WQ1000-50-250|12|250|508|1100|75|100|1450
300WQ1000-60-315|12|315|629|1350|90|100|1450
300WQ550-6-18.5|12|18.5|41|830|14|80|1450
300WQ550-7-22|12|22|48|870|17|85|1450
300WQ550-10-30|12|30|65|1020|20.5|85|1450
300WQ800-12-45|12|45|87|1000|22.5|70|1450
300WQ800-15-55|12|55|106|1100|33|60|1450
300WQ800-20-75|12|75|140|1250|38|50|1450
300WQ800-25-90|12|90|173.5|1250|41|55|1450
300WQ800-30-110|12|110|212.3|1350|43.5|60|1450
300WQ800-25-110|12|110|210.5|1050|42|95|1450
300WQ800-35-132|12|132|253.3|1200|51.5|105|1450
300WQ800-40-160|12|160|310|1200|60|95|1450
300WQ800-7-30|12|30|60.9|970|27|85|1450
300WQ800-9-37|12|37|72.8|1050|25|80|1450
300WQ900-45-185|12|185|359.2|1200|68|100|1450
