WQK10-10-0.75L2|2|0.75|2.1|17|14|2900
WQK10-12-1.1L2|2|1.1|2.9|19|16|2900
WQK12-15-1.5L2|2|1.5|3.8|35|20.5|2900
WQK20-10-1.5L2|2.5|1.5|3.8|35|18|2900
WQK10-20-2.2L2|2|2.2|5.3|40|40|2900
WQK25-15-2.2L2|2.5|2.2|5.3|50|23|2900
WQK35-10-2.2L2|3|2.2|5.3|50|23|2900
WQK15-20-3L2|2|3|6.7|45|25.5|2900
WQK35-15-3L2|2.5|3|6.7|50|24.5|2900
WQK40-12-3L2|3|3|6.7|55|24|2900
WQK15-25-4L2|2|4|8.8|50|32|2900
WQK25-22-4L2|2.5|4|8.8|75|28|2900
WQK45-17-4L2|3|4|8.8|78|29|2900
WQK65-12-4L2|4|4|8.8|80|25.5|2900
WQK30-25-5.5L2|2.5|5.5|10|80|32|2900
WQK45-20-5.5L2|3|5.5|10|88|31|2900
WQK65-15-5.5L2|4|5.5|10|100|30|2900
WQK20-30-7.5L2|2.5|7.5|12|100|33|2900
WQK50-22-7.5L2|3|7.5|12|110|34.5|2900
WQK100-15-7.5L2|4|7.5|12|117|33.5|2900
WQK120-10-7.5L2|6|7.5|12|140|32.5|2900
WQK80-13-5.5L3|3|5.5|12.3|100|19|1450
WQK100-10-5.5L3|4|5.5|12.3|130|16|1450
WQK150-7-5.5L3|6|5.5|12.3|220|13.5|1450
WQK80-15-7.5L3|3|7.5|16.4|100|22|1450
WQK100-15-7.5L3|4|7.5|16.4|140|20|1450
WQK145-9-7.5L3|6|7.5|16.4|220|15.5|1450
WQK250-6-7.5L3|8|7.5|16.4|300|15.5|1450
WQK200-7-11L3|8|11|23.8|350|10.5|1450
WQK80-22-11L3|3|11|23.8|160|29|1450
WQK100-20-11L3|4|11|23.8|200|34|1450
WQK180-11-11L3|6|11|23.8|250|24.5|1450
WQK300-7-11L3|8|11|23.8|300|11.5|1450
WQK400-5-11L3|10|11|23.8|500|14|1450
WQK80-30-15L3|3|15|31.7|100|32.5|1450
WQK100-25-15L3|4|15|31.7|150|33.5|1450
WQK300-15-15L3|6|15|31.7|300|20|1450
WQK200-15-15L3|8|15|31.7|200|28|1450
WQK250-11-15L3|8|15|31.7|350|24|1450
WQK500-5-15L3|10|15|31.7|550|18|1450
WQK80-40-18.5L3|3|18.5|38.7|100|49|1450
WQK100-30-18.5L3|4|18.5|38.7|210|36.5|1450
WQK180-20-18.5L3|6|18.5|38.7|450|30.5|1450
WQK250-15-18.5L3|8|18.5|38.7|400|27|1450
WQK500-7-18.5L3|10|18.5|38.7|800|22|1450
WQK600-6-18.5L3|12|18.5|38.7|700|20|1450
WQK350-5-18.5L3|12|18.5|38.7|700|20|1450
WQK80-45-22L3|3|22|44.9|200|52|1450
WQK100-35-22L3|4|22|44.9|240|44|1450
WQK200-22-22L3|6|22|44.9|400|31|1450
WQK150-18-22L3|6|22|44.9|450|26|1450
WQK400-10-22L3|8|22|44.9|450|20|1450
WQK500-9-22L3|10|22|44.9|700|23|1450
WQK650-7-22L3|12|22|44.9|700|24|1450
WQK120-40-30L3|4|30|60.9|300|52|1450
WQK150-30-30L3|6|30|60.9|400|42.5|1450
WQK180-25-30L3|8|30|60.9|450|35.5|1450
WQK250-22-30L3|8|30|60.9|475|33.5|1450
WQK500-12-30L3|10|30|60.9|770|25|1450
WQK800-7-30L3|12|30|60.9|900|27|1450
WQK120-45-37L3|4|37|75.2|120|45|1450
WQK200-35-37L3|6|37|75.2|200|35|1450
WQK300-28-37L3|8|37|75.2|300|28|1450
WQK600-12-37L3|10|37|75.2|600|12|1450
WQK800-9-37L3|12|37|75.2|800|30|1450
WQK100-55-45L3|4|45|88.9|340|62|1450
WQK200-40-45L3|6|45|88.9|520|48|1450
WQK400-25-45L3|8|45|88.9|550|41.5|1450
WQK600-15-45L3|10|45|88.9|650|31.5|1450
WQK800-12-45L3|12|45|88.9|1020|31.5|1450
WQK100-65-55L3|4|55|120|380|69|1450
WQK180-45-55L3|6|55|120|550|49|1450
WQK400-30-55L3|8|55|120|800|44.5|1450
WQK600-20-55L3|10|55|120|970|38|1450
WQK800-15-55L3|12|55|120|1050|35|1450
WQK200-60-75L3|8|75|148|520|68|1450
WQK350-45-75L3|8|75|148|820|55|1450
WQK600-25-75L3|10|75|148|1040|41.5|1450
WQK800-20-75L3|12|75|148|1020|41.5|1450
WQK200-70-90L3|8|90|158|550|73|1450
WQK400-50-90L3|8|90|158|620|60|1450
WQK600-30-90L3|10|90|158|1040|44.5|1450
WQK800-25-90L3|12|90|158|1100|45|1450
WQK180-75-110L3|6|110|200|550|87|1450
WQK300-60-110L3|8|110|200|720|67|1450
WQK600-40-110L3|10|110|200|1130|47|1450
WQK800-30-110L3|12|110|200|1100|50.5|1450
WQK60-30-11L3|3|11|22.7|125|41|2900
WQK80-25-11L3|4|11|22.7|171|42|2900
WQK120-15-11L3|6|11|22.7|210|35|2900
WQK180-12-11L3|8|11|22.7|220|34|2900
WQK60-40-15L3|3|15|27|140|48|2900
WQK80-35-15L3|4|15|27|176|45|2900
WQK120-25-15L3|6|15|27|200|38|2900
WQK180-15-15L3|8|15|27|230|33|2900
WQK60-45-18.5L3|3|18.5|34|140|55|2900
WQK100-36-18.5L3|6|18.5|34|210|43|2900
WQK180-18-18.5L3|8|18.5|34|240|40|2900
WQK60-50-22L3|3|22|39|150|60|2900
WQK100-40-22L3|6|22|39|220|47|2900
WQK200-20-22L3|8|22|39|280|53|2900
